Q0=10.501528765280312,17.14892466273108,20.108896625524636,21.003057530560625,24.252241838148745,26.428267831699877,29.702808811021203,31.504586295840944,34.29784932546216,35.86954940837862,36.378362757223115,38.34616128688934,39.75814623254134,40.217793251049265,42.00611506112125,43.29891232971293,45.371789909768644,46.571251067844344,48.504483676297504,49.62828873850296,49.99727737835554,51.44677398819323,52.507643826401555,52.856535663399754,54.229661356865066,55.237109602949644,55.5688669978458,56.87654866435101,57.83791052913565,59.405617622042406,60.32668987657391,61.831327190545906,62.716785062312866,63.009172591681875,65.01907985845675,65.30115962045683,66.4174996241231,67.24259336706463,68.59569865092432,69.39489880255196,69.65926127911803,70.70682775019995,71.48242858846119,71.73909881675723,72.75672551444623,73.51070135696219,74.7504295952371,75.4844939777734,76.69232257377868,77.407974060613,77.64505876296661,78.58624535406021,79.28480349509962,79.51629246508269,80.43558650209854,81.11822040913242,81.34449203529756
P0=0.36871549167690176,0.005004445376551239,0.2734398190623446,1.0,0.3141700356982403,0.19326191667660514,0.0014089939796132784,0.06666019465172283,0.3352164779125962,0.08888713094621067,0.008138076164923201,0.011374670387296257,0.023399344217636,0.25626182793982716,0.06180131151948229,0.017335806973131127,0.0028621069864732947,0.013598002337546133,0.028585083903011545,0.0007201369328964929,0.002888647786809787,0.004504890994825472,0.020244831289830012,0.061196473487877885,0.045398020149634455,0.014852152107695112,0.01101559247301914,0.012739637597411101,0.002563149703494719,0.029454025702046832,0.01095895066587727,0.0007111467475075622,0.013644629667593246,0.026481812092410396,0.00048018964840991697,0.009062777360928403,0.004564914713288252,0.0012242888724167183,0.006455806042483375,0.024209696587570436,0.012334132163624875,0.024156929646071027,0.01130129343277781,0.022234099103942646,0.018440052685788546,0.006522970735127512,0.011386580290642856,0.0037432884664485105,0.008313214636880326,0.012435366533564711,0.03344743981987784,0.007453103922543511,0.032670212283653924,0.01311177840209381,0.007297314101942751,0.14288260681842607,0.056920189675689944
Q1=19.240651409936618,22.217190541821317,31.419852182070954,36.84304246152705,38.481302819873235,44.434381083642634,48.421244190593384,49.679148320577845,54.420780345650755,57.721954229809846,62.83970436414191,65.71933590087055,66.65157162546396,70.25692532210576,72.84393058034857,73.6860849230541,76.96260563974647,79.33123806885803,80.10521969529032
P1=1.0,0.44753431935134663,0.4477689425758512,0.5123931723408591,0.13267721054261353,0.06743265580434801,0.19502466969145008,0.18642212943765923,0.1535907585110431,0.17556457361076358,0.061558134733738445,0.23109323731235473,0.13689039838843553,0.12062738744882118,0.12743458649686656,0.13594557864308754,0.06149924016062229,0.5087616172487368,0.29113060823506837
